         491
    0.85940   -0.00657   -0.10184   -0.06482   -0.43210   -0.11564   -0.01623   -0.05124   -0.13740   -0.00090   -0.04093   -0.14002    0.00977   -0.02991    0.01811    0.02269    0.02383    0.01516    0.02376    0.03157    0.05735   -0.00776    0.02564    0.02715    0.00439    0.02076    0.04603    0.04214   -0.00337   -0.00312    0.02533    0.04112    0.05034    0.03023    0.05560    0.08568    0.30689    0.32890
         991
    0.87623   -0.04520   -0.11946   -0.02577   -0.44111   -0.10278   -0.02004   -0.04335   -0.13781    0.00765   -0.04474   -0.14333    0.00044   -0.03423    0.02857    0.02715    0.02393    0.00798    0.01704    0.05392    0.05942    0.00302    0.03176    0.03254   -0.01215    0.02248    0.04761    0.04574   -0.01281   -0.00313    0.00877    0.04732    0.04677    0.01159    0.04538    0.07877    0.33914    0.32267
        1491
    0.85713   -0.02915   -0.13875   -0.02973   -0.41761   -0.09771   -0.02178   -0.03397   -0.14173    0.01673   -0.04007   -0.14208   -0.00303   -0.04034    0.01748    0.04005    0.01740    0.01495    0.03657    0.04390    0.06315    0.00420    0.00913    0.02981   -0.01659    0.04617    0.03295    0.04881   -0.00556    0.00549   -0.00629    0.04054    0.05555    0.00283    0.03787    0.06703    0.34790    0.32873
        1991
    0.89920   -0.01697   -0.12244   -0.05806   -0.39082   -0.10209   -0.02473   -0.03842   -0.14597    0.00026   -0.03129   -0.14857   -0.00058   -0.04732    0.02863    0.03470    0.00338    0.02523    0.02934    0.05617    0.05644   -0.00617    0.01390    0.03150    0.01125    0.04778    0.05024    0.03683    0.00029   -0.00196   -0.02179    0.04159    0.05083    0.00471    0.04735    0.05790    0.29275    0.33695
        2491
    0.88375   -0.03543   -0.13985    0.00420   -0.37402   -0.08983   -0.01986   -0.03629   -0.13908    0.01285   -0.04498   -0.14575   -0.00472   -0.04826    0.02104    0.04698    0.00366    0.02786    0.03590    0.05484    0.05099   -0.00958    0.01561    0.03043    0.01846    0.00904    0.04732    0.03549   -0.02338    0.00422    0.00433    0.02856    0.04747    0.01987    0.03478    0.03884    0.32379    0.31072
        2991
    0.94338    0.00403   -0.10744   -0.03797   -0.39958   -0.11048   -0.02498   -0.04132   -0.14865   -0.00498   -0.02889   -0.14218   -0.00576   -0.04222    0.00940    0.03841    0.00818    0.01833    0.02279    0.05128    0.05646   -0.01144   -0.00093    0.02387    0.01907    0.02295    0.05210    0.04251   -0.00869    0.00652    0.00556    0.02576    0.05128    0.01517    0.04365    0.06441    0.27972    0.31071
        3491
    0.92896   -0.01515   -0.11319   -0.01547   -0.40962   -0.11457   -0.01805   -0.04401   -0.12576   -0.01009   -0.02774   -0.15582   -0.01460   -0.04279    0.00877    0.02233    0.03311    0.00750    0.02917    0.04320    0.04797    0.00832   -0.00042    0.00916    0.02782    0.04317    0.04341    0.03085   -0.01227   -0.00201   -0.00048    0.00903    0.05030    0.01890    0.05001    0.08165    0.30902    0.31938
        3991
    0.87154   -0.01850   -0.10742    0.00784   -0.44437   -0.11114   -0.01704   -0.03538   -0.14580   -0.00075   -0.02208   -0.14468   -0.00060   -0.04688    0.01254    0.02529    0.03326    0.00144    0.01801    0.04893    0.05735   -0.01085    0.01149    0.02951    0.02237    0.04959    0.02616    0.03775   -0.00586   -0.00036    0.01235    0.03689    0.05009    0.02369    0.03473    0.07393    0.30589    0.32107
        4491
    0.91510   -0.02227   -0.16352   -0.04065   -0.43484   -0.12177   -0.01867   -0.04068   -0.14059    0.00916   -0.03325   -0.15600    0.00527   -0.03373    0.01159    0.01738    0.02700    0.02219    0.05318    0.02652    0.03792   -0.00418    0.01295    0.03661    0.01124    0.03252    0.04203    0.04788   -0.01082   -0.00731    0.00119    0.04987    0.04592    0.03628    0.05334    0.10203    0.31392    0.31719
        4991
    0.92952   -0.00247   -0.06799   -0.02608   -0.39362   -0.11299   -0.01907   -0.03448   -0.15303   -0.01147   -0.04776   -0.13959    0.00235   -0.04281    0.01950    0.01943    0.02723    0.00068    0.05385    0.05050    0.03183   -0.00528   -0.01116    0.01450   -0.02112   -0.00894    0.03275    0.05055    0.00554    0.00018    0.01198    0.04140    0.04679    0.02447    0.02612    0.06578    0.32998    0.31290
        5491
    0.93396   -0.00051   -0.09394    0.02217   -0.43524   -0.11300   -0.01846   -0.04374   -0.15595   -0.01165   -0.03524   -0.15487   -0.00127   -0.04536    0.01500    0.02084    0.03273    0.01181    0.03296    0.05364    0.03665    0.00128   -0.00953    0.01366   -0.01020    0.03064    0.02976    0.04733   -0.00425   -0.00743   -0.00030    0.03686    0.04036    0.03158    0.01764    0.06349    0.33282    0.33577
        5991
    0.89015   -0.00115   -0.11862   -0.04314   -0.44323   -0.11442   -0.01466   -0.04791   -0.13749    0.00435   -0.03608   -0.15146   -0.00723   -0.03319    0.01496    0.02534    0.02925    0.01754    0.03415    0.03738    0.04699    0.00717    0.01513    0.01837    0.02714    0.03877    0.03202    0.03423   -0.00667   -0.01545   -0.00251    0.02835    0.03522    0.04950    0.03945    0.09096    0.33484    0.32193
        6491
    0.88753   -0.01745   -0.10744   -0.00577   -0.42214   -0.11067   -0.01958   -0.03400   -0.12893    0.01459   -0.04617   -0.15135   -0.01017   -0.03288    0.01750    0.02265    0.04840   -0.00398    0.03203    0.04889    0.06271    0.01516    0.01730    0.03310    0.03709    0.02963    0.04755    0.01761   -0.00472   -0.00801   -0.00527    0.03270    0.04328    0.03324    0.03903    0.02538    0.31362    0.28954
        6991
    0.91839   -0.03891   -0.13222   -0.09805   -0.37047   -0.12615   -0.01415   -0.03699   -0.13295    0.00662   -0.04812   -0.13849    0.01787   -0.05551    0.00761    0.00762    0.05626   -0.00095    0.05234    0.04387    0.03848    0.01329    0.01369    0.03502    0.03798    0.01979    0.04156    0.04324    0.01116    0.00895    0.01092    0.03270    0.04768   -0.00305    0.02871    0.06273    0.30818    0.33138
        7491
    0.87884   -0.03662   -0.10540   -0.03119   -0.39216   -0.10602   -0.01448   -0.05150   -0.14724    0.00933   -0.04569   -0.14184    0.00537   -0.04372    0.00920    0.01932    0.04308    0.02475    0.01820    0.03933    0.05246   -0.00519    0.01496    0.02761    0.02930    0.01758    0.03836    0.04074    0.00014    0.00433    0.02407    0.03493    0.06027   -0.00078    0.04343    0.05549    0.33565    0.29507
        7991
    0.89946   -0.03131   -0.07303   -0.10345   -0.39650   -0.11162   -0.01430   -0.04372   -0.13711   -0.00713   -0.04192   -0.13836    0.00393   -0.04433    0.00614    0.02798    0.03682    0.02142    0.04418    0.03140    0.04794    0.00504    0.01547    0.01816   -0.00222    0.03659    0.03736    0.03922    0.00494    0.00563    0.03066    0.02451    0.07632    0.02056    0.01818    0.03559    0.31506    0.34243
        8491
    0.90631   -0.02941   -0.09287   -0.08160   -0.43019   -0.09848   -0.01201   -0.03172   -0.13987   -0.00175   -0.03570   -0.14030    0.01440   -0.05379    0.00696    0.01802    0.04224    0.01103    0.05554    0.05104    0.04273   -0.00277    0.01551    0.02817    0.00992    0.03320    0.03804    0.03413    0.01227    0.00787    0.02457    0.02775    0.05970    0.01785    0.01943    0.04528    0.29639    0.33212
        8991
    0.87845    0.03769   -0.06401   -0.04106   -0.43306   -0.10449   -0.02342   -0.04712   -0.13875    0.00082   -0.05272   -0.13550    0.01399   -0.04228    0.01520    0.02522    0.03220    0.00069    0.04183    0.04233    0.03654   -0.00491    0.00508    0.02957    0.01582    0.00295    0.04151    0.02221    0.01079    0.00552    0.00931    0.02340    0.05321    0.01398    0.03457    0.04865    0.30826    0.33755
        9491
    0.84510   -0.01487   -0.01718   -0.02828   -0.41077   -0.10766   -0.01972   -0.03849   -0.14345   -0.01150   -0.03388   -0.14831   -0.00537   -0.03098    0.01375    0.02313    0.03353    0.01351    0.03725    0.03842    0.05624   -0.01765   -0.00305    0.02887    0.00565    0.02450    0.04547    0.03902    0.00806   -0.01285    0.02662    0.00966    0.05183    0.02333    0.04498    0.05760    0.29672    0.32075
        9991
    0.92237   -0.08417   -0.06472   -0.02970   -0.41613   -0.11848   -0.01927   -0.03238   -0.14155    0.00824   -0.02776   -0.14630    0.00811   -0.04747    0.01996    0.01934    0.03797    0.00221    0.03859    0.05430    0.05122   -0.00617    0.01321    0.02754   -0.01874    0.04044    0.03840    0.04249    0.00624    0.00103    0.01853    0.03047    0.05388   -0.00131    0.02261    0.06719    0.30386    0.32592
       10491
    0.91210   -0.00558   -0.04139    0.00005   -0.38854   -0.12008   -0.01356   -0.05253   -0.13790   -0.01267   -0.05351   -0.15395    0.01423   -0.04903    0.01853    0.00900    0.04215    0.02102    0.02980    0.03568    0.04237   -0.00900    0.00754    0.02179   -0.02574    0.01435    0.02722    0.02730    0.00622   -0.01303    0.01145    0.04784    0.03760    0.03079    0.00193    0.10137    0.31186    0.30431
       10991
    0.90249   -0.02884   -0.06758   -0.00845   -0.40217   -0.10697   -0.00928   -0.05246   -0.14508   -0.00882   -0.03969   -0.15595   -0.00093   -0.03827    0.02166    0.02719    0.04016    0.02460    0.02925    0.04311    0.03824   -0.00639    0.00663    0.02459   -0.00717    0.02673    0.03630    0.04815   -0.00479   -0.01420    0.00521    0.04154    0.04097    0.03635    0.03206    0.06502    0.31159    0.29521
       11491
    0.87777    0.00120   -0.07366    0.00348   -0.43238   -0.12956   -0.01455   -0.04163   -0.15528   -0.00920   -0.04088   -0.14457   -0.01040   -0.04141    0.02630    0.02566    0.03036    0.01104    0.02593    0.05585    0.03226   -0.02224    0.00716    0.01622   -0.00453    0.02844    0.04203    0.04186   -0.00121   -0.00132    0.02288    0.02359    0.04745    0.01891    0.04896    0.08301    0.34405    0.30838
       11991
    0.89041   -0.01084   -0.02049    0.02500   -0.44020   -0.12076   -0.01317   -0.03565   -0.15530   -0.00621   -0.04514   -0.16008   -0.00278   -0.04370    0.01996    0.01932    0.03014    0.02691    0.04517    0.05652    0.01775   -0.01906   -0.00686    0.02800    0.02308    0.01259    0.03388    0.03801   -0.00889    0.00089    0.01074    0.03032    0.05664    0.02765    0.04395    0.04068    0.30575    0.30577
       12491
    0.90978    0.01810   -0.10318   -0.02360   -0.49465   -0.14661   -0.01062   -0.05225   -0.14592    0.01435   -0.04771   -0.14788    0.01895   -0.04718    0.01476    0.00697    0.04539    0.00502    0.03924    0.05004    0.00021   -0.01072    0.01117    0.02259    0.02113    0.03982    0.02988    0.03490   -0.00304    0.01008    0.02331    0.03070    0.05338    0.03047    0.03289    0.10510    0.33754    0.32759
       12991
    0.87344    0.00445   -0.10925   -0.01026   -0.48218   -0.11218   -0.00894   -0.04541   -0.13583    0.01430   -0.03823   -0.15117    0.00158   -0.05034    0.02792    0.03320    0.03780    0.01886    0.03262    0.05145    0.02901   -0.00035    0.00754    0.01960    0.02131    0.04316    0.02557    0.00921    0.00732    0.00874    0.01653    0.02093    0.05078    0.04857    0.03958    0.05234    0.35303    0.29528
       13491
    0.84767   -0.02591   -0.08858   -0.01599   -0.44665   -0.11434   -0.00428   -0.04077   -0.14024    0.01435   -0.03207   -0.16435   -0.00371   -0.04820    0.00859    0.03190    0.04627    0.01779    0.03087    0.02146    0.05434   -0.00919    0.01573    0.02826    0.02333    0.04163    0.04183    0.01705   -0.01984    0.00798    0.01045    0.02196    0.05879    0.03954    0.04313    0.10204    0.31512    0.31404
       13991
    0.89029   -0.01130   -0.04968   -0.07042   -0.48778   -0.12492   -0.01748   -0.04713   -0.15170    0.00667   -0.04136   -0.13187    0.01700   -0.04568    0.00808    0.03079    0.03012    0.01496    0.03787    0.04320    0.04511   -0.01530   -0.00027    0.02030    0.03176    0.03979    0.03556   -0.00384    0.01169    0.02243    0.01694    0.03217    0.04713    0.04042    0.03655    0.09515    0.32184    0.32290
       14491
    0.87668    0.03691   -0.02816    0.00631   -0.49077   -0.12785   -0.01317   -0.04988   -0.14559   -0.00401   -0.04881   -0.15585   -0.00487   -0.03496   -0.00034    0.02504    0.06568    0.02013    0.02784    0.04846    0.01379   -0.02004    0.00480    0.01865    0.03269    0.04144    0.03334   -0.01349   -0.00281    0.00160    0.01620    0.02229    0.04148    0.05297    0.03981    0.07623    0.32165    0.31663
       14991
    0.90837   -0.03407   -0.06844   -0.02320   -0.48241   -0.12441   -0.00285   -0.04457   -0.15772    0.01123   -0.04537   -0.15214   -0.00522   -0.03715    0.00907    0.02639    0.05603    0.01593    0.02108    0.04258    0.04336   -0.03081   -0.00090    0.03430    0.04253    0.04510    0.02620    0.02954    0.00102   -0.00732    0.01143    0.01724    0.05010    0.01667    0.03897    0.12381    0.31737    0.32823
       15491
    0.88124   -0.00349   -0.08021   -0.04909   -0.43728   -0.13595   -0.00953   -0.05190   -0.14304    0.01976   -0.03887   -0.15107    0.00305   -0.04204    0.00789    0.02900    0.04629    0.02665    0.01941    0.03526    0.04223   -0.01470    0.01057    0.04381    0.02791    0.02961    0.00899    0.04413   -0.00332    0.00304    0.01224    0.03945    0.04959    0.03420    0.01416    0.11255    0.31211    0.30737
       15991
    0.91475   -0.04895   -0.03523   -0.00914   -0.45140   -0.11625    0.00100   -0.05503   -0.14501    0.00134   -0.04131   -0.14761    0.00919   -0.05056   -0.00365    0.02517    0.06955    0.02370    0.02504    0.02553    0.03396   -0.02162    0.00598    0.03842    0.01189    0.03555    0.00691    0.05096   -0.01223    0.00259    0.02139    0.03604    0.04132    0.03363    0.02481    0.07797    0.31428    0.30700
       16491
    0.87050    0.00759   -0.09282   -0.05657   -0.40465   -0.12044   -0.00446   -0.04899   -0.14849    0.00701   -0.04695   -0.14272    0.01842   -0.05145    0.00374    0.01135    0.05977    0.03143    0.02068    0.03747    0.04626   -0.01710    0.00015    0.03068    0.01998    0.03551   -0.00531    0.03992    0.00872    0.00565    0.00679    0.03750    0.04380    0.02488    0.03475    0.08038    0.31369    0.34333
       16991
    0.89689   -0.00183   -0.08140    0.00106   -0.43467   -0.10722   -0.00894   -0.04747   -0.12947    0.01110   -0.05859   -0.16212    0.00401   -0.05540    0.01070    0.01874    0.04082    0.03393    0.03428    0.04636    0.02880   -0.01413    0.01110    0.03996    0.01135    0.03020    0.00703    0.03772   -0.00704   -0.00326    0.00966    0.03357    0.05942    0.00915    0.03321    0.05773    0.32958    0.31519
       17491
    0.88550   -0.01521   -0.04750   -0.02812   -0.41906   -0.13842   -0.00385   -0.03823   -0.14091    0.00355   -0.05084   -0.14631    0.00675   -0.06301   -0.00790    0.02274    0.05731    0.03281    0.02641    0.03948    0.05277   -0.01763   -0.00872    0.03146    0.02447    0.01852    0.03903    0.03885   -0.00931    0.01642    0.02658    0.03296    0.04903    0.00816    0.03846    0.08070    0.28683    0.31623
       17991
    0.86725   -0.02151   -0.06133    0.00009   -0.44867   -0.12404   -0.00747   -0.04693   -0.14758    0.01872   -0.05019   -0.14588    0.01320   -0.04002   -0.00816    0.02301    0.04918    0.01736    0.01451    0.03055    0.05099   -0.02745    0.00392    0.04638    0.01943    0.03675    0.02526    0.02466    0.00120    0.01937    0.03445    0.03376    0.06443    0.03209    0.01044    0.05916    0.30832    0.32475
       18491
    0.90029    0.01905   -0.05797   -0.03575   -0.45182   -0.12897   -0.01688   -0.05036   -0.16053   -0.00195   -0.04741   -0.14779    0.01096   -0.02785   -0.00285    0.03093    0.04046    0.00904    0.02333    0.03565    0.03997   -0.04497   -0.00388    0.04379    0.01913    0.04292    0.02837    0.03390   -0.00771    0.01334    0.02609    0.03187    0.06285    0.05575    0.00899    0.07208    0.31368    0.32426
       18991
    0.86744    0.01069   -0.05679   -0.02568   -0.42627   -0.14112   -0.01102   -0.04475   -0.16625    0.00737   -0.03130   -0.15787   -0.00175   -0.04125    0.00161    0.02275    0.05743    0.01498    0.03191    0.03654    0.03502   -0.04130   -0.00724    0.03216    0.04037    0.04448    0.02797    0.04537   -0.02045    0.00441    0.02826    0.03458    0.04140    0.03834    0.03039    0.08605    0.29776    0.33576
       19491
    0.92037   -0.01546   -0.04264   -0.02984   -0.44239   -0.12096   -0.00574   -0.04921   -0.15288   -0.00533   -0.04080   -0.16788   -0.00277   -0.03275    0.00126    0.01493    0.05440    0.02343    0.03579    0.03666    0.04582   -0.02287    0.00204    0.02838    0.01896    0.05634    0.00679    0.04558   -0.02075   -0.00683    0.03136    0.03012    0.05407    0.00991    0.04161    0.04173    0.30888    0.35068
       19991
    0.85803    0.02110   -0.06062   -0.04146   -0.40536   -0.15120   -0.01176   -0.04971   -0.16235    0.00110   -0.04010   -0.16150    0.00998   -0.03332    0.00610    0.01278    0.05399    0.02533    0.03595    0.03734    0.02906   -0.02002    0.00427    0.03848    0.03467    0.04989    0.01241    0.04323   -0.00785   -0.00872    0.02352    0.02050    0.05298    0.00288    0.04609    0.09453    0.30605    0.33370
       20491
    0.95549   -0.04598   -0.13216   -0.04310   -0.42012   -0.10739   -0.00043   -0.05064   -0.13987    0.00800   -0.04688   -0.16169    0.00509   -0.03461    0.01188    0.02032    0.05787    0.02152    0.01663    0.03774    0.04842   -0.00026    0.00058    0.03977    0.01821    0.03952    0.01476    0.03383   -0.00082   -0.00146    0.00644    0.01789    0.03902    0.02799    0.05479    0.05752    0.32560    0.32654
       20991
    0.86044    0.01557    0.00572    0.00756   -0.44597   -0.14061   -0.02046   -0.03655   -0.14942   -0.01663   -0.04813   -0.15783   -0.01224   -0.04169    0.00614    0.02543    0.05166    0.01184    0.03630    0.03620    0.05350   -0.00694   -0.01885    0.02571   -0.01165    0.04108    0.00862    0.03869   -0.00005   -0.00262    0.00474    0.02388    0.05257    0.01963    0.03832    0.08944    0.33370    0.32291
       21491
    0.93516   -0.02420   -0.04577   -0.02650   -0.46290   -0.11475   -0.02115   -0.03351   -0.15286    0.00581   -0.03942   -0.15548   -0.00698   -0.04957    0.00229    0.01177    0.04322    0.01557    0.04045    0.03416    0.06303   -0.00584   -0.00638    0.03639    0.01405    0.05236    0.00408    0.04961   -0.00119   -0.00240    0.00209    0.03530    0.05659    0.01927    0.03234    0.04817    0.32638    0.32081
       21991
    0.90354    0.00348   -0.08769   -0.01105   -0.47478   -0.13732   -0.02209   -0.05435   -0.13387    0.01047   -0.04706   -0.16152    0.00671   -0.05504   -0.01000    0.01469    0.04137    0.01197    0.02095    0.01273    0.05123   -0.01263    0.01482    0.03177    0.02396    0.03385    0.01223    0.03958   -0.00651    0.00416    0.01360    0.02885    0.06000    0.02366    0.03665    0.12409    0.36153    0.32800
       22491
    0.88607   -0.05866   -0.01929   -0.04691   -0.46183   -0.11092   -0.01226   -0.05130   -0.16365    0.00569   -0.04612   -0.15014    0.02426   -0.05568    0.00626    0.01910    0.03415    0.00861    0.03144    0.03003    0.04951   -0.02408   -0.01414    0.03301    0.01660    0.03648    0.01747    0.03597    0.01189    0.00676    0.01990    0.03140    0.05043    0.02639    0.03103    0.06984    0.35340    0.37930
       22991
    0.89152   -0.00236   -0.08689   -0.00671   -0.43877   -0.11356   -0.01002   -0.04058   -0.16883    0.00609   -0.05324   -0.16945   -0.00365   -0.04307    0.00557    0.02747    0.02856    0.02194    0.02853    0.02644    0.05803   -0.01417   -0.02154    0.02851    0.00656    0.04725    0.01629    0.03763   -0.00741   -0.00445    0.02033    0.02382    0.05764    0.03438    0.03235    0.08490    0.34599    0.35492
       23491
    0.89261   -0.05295   -0.02463   -0.06500   -0.39997   -0.11278   -0.00984   -0.03809   -0.15589   -0.00200   -0.05379   -0.15818    0.00055   -0.03441    0.00125    0.03711    0.03300    0.03058    0.02854    0.04114    0.05853   -0.02273    0.00839    0.02614    0.02148    0.03268    0.01880    0.03939   -0.00634   -0.01570    0.01736    0.01927    0.04983    0.02224    0.05618    0.06535    0.31454    0.33737
       23991
    0.89778   -0.01995   -0.05694   -0.03764   -0.41760   -0.12884   -0.01088   -0.05532   -0.15429    0.01468   -0.04202   -0.16106   -0.00209   -0.03529    0.00167    0.01585    0.02468    0.03683    0.02640    0.03508    0.04481   -0.00139   -0.01696    0.03462    0.02413    0.03657    0.02773    0.03322   -0.00192   -0.00232    0.00189    0.01268    0.06046    0.01298    0.04342    0.09771    0.32269    0.33863
       24491
    0.94846   -0.03234   -0.06700   -0.04156   -0.44529   -0.12668   -0.00653   -0.04752   -0.15140    0.00068   -0.04041   -0.16459    0.00096   -0.03792    0.00406    0.02170    0.02869    0.02900    0.03308    0.04004    0.03095   -0.01141   -0.01703    0.02854    0.01598    0.03861    0.02510    0.04889   -0.01979   -0.00232    0.00565    0.03506    0.05094    0.02763    0.03216    0.10886    0.31806    0.33872
       24991
    0.86908   -0.02173    0.00721   -0.02530   -0.38769   -0.14069   -0.01253   -0.04239   -0.15392   -0.00820   -0.05223   -0.16822    0.00314   -0.04686    0.00367    0.02128    0.03291    0.03230    0.04117    0.02316    0.06092   -0.04297   -0.00853    0.02190    0.02816    0.01155    0.01139    0.04060   -0.01191   -0.00873    0.00103    0.03879    0.05525    0.02691    0.04639    0.11230    0.29247    0.35034
       25491
    0.92987   -0.05002   -0.05777   -0.01307   -0.41196   -0.12292   -0.00934   -0.04338   -0.16231    0.01368   -0.04181   -0.15882    0.00736   -0.05746    0.00661    0.04034    0.03560    0.01765    0.03277    0.02868    0.05165   -0.03327   -0.02423    0.03474    0.02728    0.03016    0.00963    0.03400   -0.00326   -0.00828    0.00449    0.03870    0.05331    0.01503    0.03000    0.11056    0.31469    0.33109
       25991
    0.84897   -0.06145   -0.03825   -0.04396   -0.41632   -0.09906   -0.00759   -0.04456   -0.14436    0.00988   -0.04049   -0.15382    0.01907   -0.05452    0.00908    0.03793    0.05206    0.01233    0.01729    0.03519    0.05620   -0.03015    0.00462    0.02753    0.03443    0.04351    0.01219    0.03335   -0.00065   -0.00036    0.00283    0.05231    0.05020    0.02201    0.03104    0.03719    0.33201    0.35433
       26491
    0.84604   -0.03221   -0.05508   -0.03941   -0.42672   -0.10800   -0.01834   -0.04057   -0.14752   -0.00051   -0.03647   -0.15286    0.01939   -0.06034    0.01613    0.03891    0.04828    0.00922    0.03840    0.03171    0.04734   -0.00884   -0.02604    0.02612    0.03113    0.03153    0.03824    0.04321    0.00007   -0.00740    0.01345    0.05007    0.03614    0.01366    0.03075    0.06689    0.34034    0.34330
       26991
    0.83051   -0.06665   -0.08235   -0.02264   -0.42486   -0.11345   -0.01046   -0.03529   -0.15764    0.01021   -0.02742   -0.15916    0.00439   -0.04383    0.01937    0.04081    0.05683    0.00872    0.04425    0.03349    0.05447   -0.02385   -0.01049    0.02478    0.04573    0.04138    0.04210    0.03603   -0.00166   -0.00718    0.01152    0.03565    0.04416    0.02155    0.02774    0.09211    0.34046    0.32071
       27491
    0.84530   -0.03776   -0.02236   -0.08237   -0.45013   -0.11207   -0.02036   -0.04050   -0.15483    0.00068   -0.02892   -0.16224   -0.00325   -0.02885    0.02427    0.04650    0.03655    0.01058    0.02732    0.04829    0.04826   -0.02896    0.00588    0.02993    0.01904    0.03477    0.03444    0.04269   -0.00256   -0.00116    0.02068    0.00858    0.05099    0.02945    0.04601    0.10271    0.31924    0.34415
       27991
    0.88347   -0.07958   -0.06837   -0.02608   -0.44778   -0.13777   -0.01467   -0.04126   -0.16128    0.01467   -0.03424   -0.15657   -0.00842   -0.02399    0.00613    0.02953    0.03800    0.00840    0.02791    0.03987    0.05915   -0.03083   -0.01315    0.02692    0.03393    0.04467    0.02290    0.04963   -0.00521    0.00691    0.02153    0.01190    0.04531    0.04160    0.05224    0.12799    0.32594    0.33058
       28491
    0.86659   -0.06131   -0.04847   -0.03870   -0.41256   -0.11924   -0.02025   -0.03745   -0.15181    0.01504   -0.05190   -0.15260    0.00094   -0.05208    0.00798    0.02492    0.03770    0.01111    0.01598    0.05129    0.06262   -0.02599   -0.00833    0.04586    0.03312    0.03637    0.00985    0.03463   -0.00213    0.01338    0.02595    0.00451    0.04937    0.03074    0.01029    0.10229    0.34149    0.35080
       28991
    0.88523   -0.05422   -0.06865   -0.01034   -0.36743   -0.10876   -0.01781   -0.03512   -0.15648    0.00213   -0.05876   -0.15153   -0.00544   -0.05311   -0.00274    0.03572    0.04869    0.01244    0.01698    0.05432    0.05826   -0.01205   -0.02246    0.02331    0.03768    0.02968    0.00743    0.03548    0.00149    0.01034    0.00263    0.02354    0.04688    0.02959    0.03699    0.07142    0.33789    0.31680
       29491
    0.88175   -0.06715   -0.10558   -0.03676   -0.37363   -0.13185   -0.01020   -0.03517   -0.14281    0.01774   -0.04235   -0.15584   -0.00125   -0.05737    0.00429    0.02989    0.05349    0.01217    0.04413    0.04831    0.01612    0.00039   -0.00053    0.02238    0.03682    0.04911    0.01592    0.03074    0.00166    0.00168   -0.01321    0.02576    0.05258    0.01132    0.03385    0.12788    0.33296    0.32278
       29991
    0.82598   -0.09559   -0.03106   -0.02723   -0.39437   -0.13100   -0.00590   -0.04201   -0.15414   -0.00045   -0.05180   -0.14897    0.02336   -0.05340    0.01776    0.00405    0.05065    0.02690    0.03538    0.03930    0.01971   -0.00544   -0.00082    0.03100   -0.00717    0.04701    0.01173    0.03594    0.00365    0.00478   -0.00353    0.03321    0.04909    0.01654    0.03085    0.12621    0.35875    0.36101
       30491
    0.85583   -0.03467   -0.06179   -0.01538   -0.39214   -0.15094   -0.00318   -0.03284   -0.14857   -0.00531   -0.04575   -0.15874   -0.01312   -0.05133    0.00282    0.01342    0.05012    0.03097    0.05935    0.05787    0.02018   -0.00438   -0.01475    0.03561   -0.00022    0.05428   -0.00117    0.04497   -0.00743    0.00323    0.00061    0.01925    0.05738    0.00151    0.03640    0.14910    0.33993    0.30890
       30991
    0.88344   -0.12296   -0.03767   -0.08422   -0.43509   -0.15565   -0.00779   -0.03181   -0.14731    0.00993   -0.03977   -0.13530    0.00109   -0.04372   -0.00767    0.01502    0.03833    0.03222    0.04910    0.05236    0.05592    0.00095   -0.00544    0.03532    0.00042    0.04963    0.01622    0.03497    0.01517    0.01385    0.00266    0.01624    0.06560    0.00875    0.03476    0.16468    0.33600    0.32176
       31491
    0.85143   -0.10678   -0.03123    0.00148   -0.39753   -0.13081   -0.00864   -0.03317   -0.14402   -0.00065   -0.02718   -0.15830   -0.00542   -0.05382   -0.00018    0.01268    0.02115    0.04095    0.05180    0.03345    0.07005   -0.01058    0.00639    0.03589    0.00693    0.05979    0.02700    0.03579   -0.00466   -0.00153   -0.00153    0.02044    0.04403    0.02547    0.03153    0.11287    0.32968    0.29724
       31991
    0.93289   -0.09280   -0.08753   -0.09640   -0.36839   -0.12107   -0.00481   -0.03820   -0.14715    0.01244   -0.03119   -0.14575   -0.01193   -0.04796    0.00696    0.02091    0.03016    0.03751    0.04921    0.03644    0.05359   -0.00213   -0.00753    0.04244    0.01646    0.05446   -0.00703    0.05514    0.00675    0.00321   -0.00879    0.00833    0.04008    0.03597    0.03833    0.10397    0.31476    0.31868
       32491
    0.88288   -0.10444   -0.02355    0.01215   -0.34330   -0.13479   -0.00833   -0.04183   -0.13821   -0.00551   -0.04754   -0.15475   -0.01192   -0.04525   -0.01527    0.04308    0.01867    0.04091    0.02449    0.04664    0.05501   -0.00787    0.01542    0.03307    0.00356    0.03298   -0.01096    0.04854    0.00138   -0.00674   -0.00684    0.00312    0.03570    0.02470    0.04049    0.10601    0.30994    0.32836
       32991
    0.91082   -0.08972   -0.07036   -0.06288   -0.38686   -0.09714   -0.01795   -0.03681   -0.14908    0.01008   -0.02876   -0.14601   -0.00063   -0.03017    0.01070    0.04555    0.02116    0.03169    0.04276    0.05134    0.04855   -0.01675    0.01760    0.03520   -0.00690    0.05349    0.00354    0.04299   -0.00208    0.01351    0.00359    0.00776    0.05248    0.04026    0.03478    0.02284    0.31491    0.32650
       33491
    0.83034   -0.10758   -0.06095   -0.02044   -0.36187   -0.15255   -0.00724   -0.02757   -0.12619    0.01042   -0.04992   -0.15753   -0.00697   -0.03394   -0.01456    0.00489    0.03695    0.01927    0.04187    0.06104    0.05043   -0.00567    0.02221    0.03453   -0.01363    0.05035   -0.01726    0.03680   -0.00262   -0.00642    0.01079    0.01589    0.05400    0.03542    0.04093    0.11776    0.34970    0.34933
       33991
    0.94516   -0.07021   -0.08573   -0.00797   -0.37887   -0.10011   -0.01562   -0.03805   -0.13898   -0.00668   -0.03735   -0.15565   -0.01041   -0.05128    0.00531    0.02842    0.02029    0.04176    0.02714    0.04155    0.05536   -0.00302    0.00977    0.02857    0.00340    0.02210    0.03150    0.04803   -0.00154    0.00364    0.00881    0.01211    0.03804    0.01975    0.04508    0.00376    0.33503    0.32687
       34491
    0.84564   -0.00499   -0.02881    0.00072   -0.35040   -0.12497   -0.01438   -0.03852   -0.15376   -0.00608   -0.04206   -0.16106   -0.00716   -0.05058   -0.00658    0.03173    0.03608    0.03553    0.03507    0.04662    0.05282   -0.00770   -0.01045    0.03749   -0.03713    0.05725    0.00391    0.03522   -0.00827   -0.00565    0.01148    0.00428    0.05248    0.03216    0.02337    0.06008    0.33280    0.32385
       34991
    0.86785   -0.08728   -0.08192   -0.04645   -0.39224   -0.13210   -0.00252   -0.02617   -0.12869   -0.00088   -0.04589   -0.14525    0.00874   -0.04171    0.00116    0.01521    0.02796    0.04281    0.04298    0.06584    0.04048    0.00839    0.00864    0.03211    0.00569    0.05633   -0.00932    0.03398   -0.00553    0.00780    0.01017    0.03229    0.04322    0.03184    0.04250    0.08251    0.31205    0.32541
       35491
    0.83866   -0.03323   -0.07393   -0.03034   -0.39679   -0.11480   -0.01201   -0.04281   -0.14712    0.00110   -0.04032   -0.14883    0.00980   -0.04232    0.00298    0.01192    0.04289    0.03325    0.03352    0.03792    0.05161    0.00393    0.01121    0.03512    0.00215    0.05407    0.02227    0.05036   -0.00140    0.01029    0.01373    0.03144    0.05913   -0.00014    0.03591    0.06216    0.29820    0.33041
       35991
    0.85785   -0.08125   -0.03441   -0.00140   -0.36482   -0.14748    0.00427   -0.03938   -0.13752    0.00195   -0.06890   -0.14623   -0.00355   -0.04920   -0.00420    0.01216    0.03884    0.03778    0.03928    0.03610    0.04740    0.00766    0.00296    0.02662    0.00166    0.02993    0.00081    0.03498   -0.00573   -0.00049   -0.01196    0.02339    0.04987    0.00163    0.03433    0.13084    0.34555    0.33066
       36491
    0.90631   -0.00601   -0.06274   -0.05160   -0.41822   -0.11348   -0.00540   -0.04920   -0.16231   -0.01600   -0.04218   -0.15042    0.01301   -0.04281    0.00652    0.03552    0.04247    0.04366    0.03479    0.05058    0.03824   -0.00677   -0.00158    0.02758   -0.05529    0.04224    0.00912    0.05101    0.00384    0.00845   -0.00128    0.02407    0.04700    0.02936    0.03276    0.06123    0.32689    0.35065
       36991
    0.86985   -0.02281   -0.08002   -0.01059   -0.40407   -0.13157   -0.01257   -0.04520   -0.15347   -0.00508   -0.03868   -0.15620   -0.01601   -0.04121   -0.00492    0.04183    0.03353    0.02262    0.04135    0.04692    0.03972   -0.00133    0.00154    0.02886   -0.02021    0.04446    0.01449    0.03548   -0.00485    0.01090    0.00321    0.01145    0.04777    0.02986    0.03496    0.12527    0.33459    0.33012
       37491
    0.87153   -0.03980   -0.05442   -0.02492   -0.40374   -0.13264   -0.00968   -0.03723   -0.14803   -0.01957   -0.04573   -0.15080   -0.00952   -0.03968    0.00311    0.02888    0.03661    0.02002    0.04353    0.04674    0.05403    0.00128   -0.00117    0.01645   -0.01486    0.04312   -0.00047    0.02841   -0.00804   -0.00302    0.01382    0.01838    0.03890    0.03458    0.05255    0.13470    0.34475    0.31194
       37991
    0.85843    0.00370   -0.05106   -0.04814   -0.39895   -0.13631   -0.01369   -0.03978   -0.15249   -0.01369   -0.03597   -0.16000   -0.00733   -0.03633    0.00951    0.01141    0.04079    0.02915    0.03952    0.04401    0.03655   -0.01172   -0.00043    0.02833    0.00126    0.04096    0.00794    0.05828   -0.00878   -0.00634    0.01865    0.01526    0.04251    0.03259    0.04871    0.13004    0.30109    0.32230
       38491
    0.91089   -0.05570   -0.02224   -0.00940   -0.42963   -0.13254   -0.01558   -0.04805   -0.14537   -0.01439   -0.04780   -0.14495   -0.00689   -0.04440    0.00935    0.03482    0.02478    0.02599    0.04267    0.04459    0.01701   -0.00831    0.01157    0.03612   -0.03524    0.04418    0.00951    0.04465   -0.00403   -0.00538    0.01436    0.01547    0.04239    0.03270    0.03762    0.13400    0.31747    0.31974
       38991
    0.87490    0.01289   -0.03197   -0.02038   -0.40867   -0.12479   -0.02139   -0.03764   -0.13842    0.00388   -0.04515   -0.15449   -0.00302   -0.05632    0.01636    0.03778    0.02589    0.03070    0.04092    0.04164    0.02546   -0.00249    0.01500    0.04151    0.00424    0.03841    0.02012    0.03649   -0.00475   -0.02238    0.00699    0.03084    0.03369    0.01115    0.03184    0.08814    0.28290    0.32012
       39491
    0.91025   -0.03457   -0.08266    0.00424   -0.41733   -0.12971   -0.01211   -0.03686   -0.13515    0.01007   -0.04465   -0.15602   -0.01665   -0.04261   -0.00273    0.01273    0.03474    0.03639    0.04499    0.04771    0.04908   -0.00761    0.01209    0.04961    0.00736    0.03628    0.00036    0.04535   -0.00479   -0.01807   -0.00054    0.00961    0.04596    0.02240    0.04284    0.11480    0.28756    0.31767
       39991
    0.85708    0.00221   -0.00328   -0.03886   -0.41224   -0.14080   -0.01045   -0.05221   -0.14336   -0.00559   -0.04532   -0.14893   -0.00641   -0.05402   -0.00204    0.01674    0.03696    0.03885    0.03357    0.03330    0.03905    0.00096    0.00196    0.03170    0.01278    0.02416    0.02385    0.04289    0.00438   -0.00757   -0.00817    0.02268    0.03636    0.01889    0.04536    0.13173    0.29785    0.32594
       40491
    0.90578   -0.04186   -0.03053   -0.01945   -0.41481   -0.12181   -0.00747   -0.04833   -0.14397   -0.01331   -0.04950   -0.15289   -0.01250   -0.03667    0.01256    0.01224    0.03889    0.04138    0.04257    0.04561    0.02326   -0.00554    0.00402    0.02777    0.01491    0.03551    0.02193    0.03437   -0.00872    0.00015   -0.00495    0.01495    0.04720    0.02433    0.04084    0.12490    0.30539    0.29377
       40991
    0.87768    0.01167   -0.05469   -0.03997   -0.36361   -0.12591    0.00296   -0.03932   -0.14183    0.00464   -0.04892   -0.15732   -0.01313   -0.04333    0.01587   -0.00232    0.05857    0.03319    0.04403    0.05078    0.02946   -0.00130    0.01029    0.03201   -0.00875    0.04113   -0.00349    0.02517   -0.01140   -0.01289   -0.00215    0.02427    0.03910    0.03896    0.03587    0.10136    0.29026    0.30307
       41491
    0.87679   -0.04920   -0.04897   -0.03571   -0.38867   -0.12079   -0.00559   -0.04310   -0.14612   -0.00926   -0.02198   -0.15317   -0.01179   -0.04940    0.00299    0.02270    0.02958    0.04333    0.03795    0.04068    0.04554    0.00172    0.00434    0.00791    0.00519    0.05026    0.01080    0.03665    0.00474   -0.01763    0.00436    0.02736    0.01678    0.03742    0.04634    0.11815    0.31297    0.31684
       41991
    0.86367   -0.00343   -0.05294   -0.03899   -0.37248   -0.11719   -0.00821   -0.04735   -0.14325   -0.00228   -0.04690   -0.15115   -0.00025   -0.03756   -0.01099    0.03112    0.02364    0.03123    0.03297    0.04728    0.02600    0.00172    0.00834    0.02740    0.00311    0.03558   -0.00131    0.03190   -0.00700   -0.01397   -0.01328    0.02372    0.01331    0.04953    0.05109    0.09508    0.34700    0.32486
       42491
    0.87115   -0.04715   -0.05822   -0.05019   -0.39307   -0.11383   -0.00844   -0.05368   -0.14128    0.00550   -0.02728   -0.16779   -0.00457   -0.03860   -0.00886    0.04723    0.02882    0.02271    0.03602    0.02601    0.03255    0.00965    0.00987    0.03859   -0.00029    0.04553    0.00800    0.04847   -0.01523   -0.01601   -0.00805    0.03256    0.03608    0.03368    0.04787    0.11113    0.32406    0.33708
       42991
    0.87536   -0.00406   -0.00230   -0.03127   -0.40135   -0.12887   -0.00128   -0.05641   -0.15522   -0.01528   -0.03529   -0.15712   -0.01813   -0.04673   -0.01118    0.03326    0.04087    0.02875    0.03596    0.02667    0.01649   -0.00783    0.00970    0.03749   -0.01286    0.04123    0.01390    0.05540   -0.00944   -0.00938    0.00702    0.02295    0.01204    0.03790    0.03994    0.14058    0.32373    0.30475
       43491
    0.87503   -0.03552   -0.02261   -0.07921   -0.40406   -0.13543    0.00278   -0.05256   -0.14531   -0.00666   -0.04595   -0.15250   -0.00610   -0.05734   -0.00111    0.03099    0.03709    0.03314    0.04959    0.02809    0.03338    0.00393    0.01102    0.03213    0.00297    0.02929    0.02004    0.04517    0.00159   -0.00449    0.00305    0.02337    0.00938    0.02920    0.05351    0.14230    0.33060    0.32123
       43991
    0.84790   -0.06550   -0.02064   -0.04677   -0.40721   -0.13702    0.00188   -0.04996   -0.15107    0.00053   -0.04300   -0.15066    0.00333   -0.04552    0.00554    0.00796    0.04717    0.04170    0.05117    0.02803    0.03802    0.00405    0.00410    0.03726   -0.00037    0.03488    0.01609    0.04627    0.00127   -0.00136    0.00357    0.03179    0.03568    0.03657    0.03984    0.13275    0.32284    0.29888
       44491
    0.85473   -0.00199   -0.05544   -0.02392   -0.44912   -0.12859    0.00159   -0.04393   -0.14481    0.01197   -0.05638   -0.14881   -0.00359   -0.04814   -0.00311    0.01300    0.04350    0.04939    0.04810    0.02761    0.04396    0.00872    0.01804    0.03741   -0.01519    0.04545    0.01403    0.03002   -0.00249   -0.00434    0.00573    0.03287    0.01703    0.04524    0.04017    0.09441    0.34303    0.30384
       44991
    0.88910   -0.03719   -0.05166   -0.05093   -0.39797   -0.14331   -0.00589   -0.03576   -0.14447   -0.01181   -0.05185   -0.13560    0.00687   -0.05742   -0.00398    0.02596    0.03210    0.04260    0.03170    0.04743    0.04228    0.00087    0.01245    0.02499    0.00590    0.04223    0.01258    0.04147    0.00308   -0.00438    0.00899    0.03774    0.01654    0.03763    0.04422    0.12002    0.31007    0.29540
       45491
    0.88141   -0.02083   -0.07288   -0.00797   -0.39519   -0.14405    0.00043   -0.02861   -0.15249   -0.00253   -0.05216   -0.15982   -0.01196   -0.05196    0.00901    0.01959    0.03750    0.03639    0.05341    0.02290    0.04875   -0.00683    0.00436    0.02222    0.01766    0.02833    0.00179    0.04174   -0.00345   -0.01225    0.00473    0.04350    0.03462    0.02750    0.04638    0.10813    0.33069    0.30193
       45991
    0.89796   -0.03943   -0.09638   -0.03089   -0.40694   -0.13091   -0.00128   -0.04577   -0.13154    0.01754   -0.03618   -0.13755   -0.00552   -0.04911    0.02035    0.01105    0.03684    0.02581    0.04628    0.01013    0.04578   -0.00060    0.01430    0.03160    0.01956    0.04944    0.00308    0.03299    0.01259   -0.01641   -0.00476    0.03724    0.01772    0.04005    0.04925    0.10577    0.33016    0.27781
       46491
    0.87262   -0.00974   -0.04237   -0.01738   -0.38119   -0.14351   -0.00850   -0.04394   -0.14732    0.00506   -0.03804   -0.15854   -0.01317   -0.04068    0.00475    0.02736    0.02341    0.03569    0.05206    0.03019    0.04267   -0.00436    0.00062    0.03234    0.02140    0.03950    0.00342    0.04046    0.01178   -0.01236    0.00276    0.00844    0.02624    0.02871    0.05030    0.12468    0.30266    0.27400
       46991
    0.89124   -0.04089   -0.09710   -0.06277   -0.39624   -0.12801   -0.00695   -0.03888   -0.14088    0.00898   -0.03521   -0.15747   -0.01093   -0.04593    0.00127    0.02620    0.03273    0.04148    0.05936    0.04781    0.04617   -0.00207    0.01601    0.03785    0.01730    0.04746   -0.00434    0.04898   -0.00051   -0.00416    0.00739    0.01327    0.02321    0.03416    0.04681    0.10258    0.31035    0.31174
       47491
    0.79619    0.00154   -0.02688   -0.03390   -0.40008   -0.12291    0.00009   -0.04571   -0.14516    0.00109   -0.04195   -0.15547   -0.00363   -0.04547    0.01301    0.02386    0.04016    0.03426    0.04801    0.04392    0.01841   -0.01365    0.01015    0.03997    0.01922    0.04724    0.00578    0.03905    0.00562   -0.00330    0.01485   -0.00483    0.03610    0.03387    0.04850    0.09439    0.31107    0.31659
       47991
    0.91323   -0.08542   -0.06386   -0.03919   -0.40883   -0.12733    0.00438   -0.05502   -0.14810    0.00663   -0.04568   -0.15337   -0.01012   -0.05063    0.01709    0.01396    0.04072    0.03807    0.03974    0.04059    0.02789   -0.01403    0.01565    0.02929    0.01504    0.01967    0.02763    0.05321    0.00204   -0.01100   -0.00058    0.02084    0.03093    0.02150    0.04535    0.15184    0.33359    0.30428
       48491
    0.86895    0.00254   -0.01476   -0.02835   -0.35703   -0.13084   -0.01244   -0.04208   -0.14469   -0.00789   -0.05068   -0.15454    0.00484   -0.05797    0.01545    0.01756    0.04428    0.02817    0.04023    0.02406    0.04937   -0.00354   -0.00126    0.02936   -0.03506    0.00147    0.02309    0.04797   -0.00359   -0.00819    0.01924    0.03084    0.02489    0.01839    0.03809    0.09649    0.31937    0.30824
       48991
    0.92007   -0.08458   -0.02616   -0.01233   -0.38582   -0.12183   -0.02215   -0.03037   -0.14483   -0.01457   -0.04234   -0.15719    0.00184   -0.05421    0.00419    0.00737    0.02620    0.03353    0.05267    0.05330    0.04259   -0.00398   -0.01172    0.03425   -0.00328    0.03652    0.02149    0.04312   -0.00142   -0.00828    0.00304    0.03787    0.01152    0.02761    0.03760    0.09200    0.31853    0.31976
       49491
    0.85520   -0.01979   -0.07015   -0.06298   -0.39339   -0.13852   -0.00946   -0.03614   -0.13956    0.01190   -0.04366   -0.15583    0.01060   -0.05635    0.00170    0.02136    0.03925    0.02222    0.05297    0.04794    0.01427   -0.00593    0.00880    0.04969    0.00913    0.05179    0.00473    0.03172    0.00076   -0.01007    0.01589    0.03203    0.02778    0.01774    0.03460    0.12033    0.33447    0.32496
       49991
    0.87161   -0.05647   -0.01605   -0.04482   -0.43886   -0.10718   -0.00655   -0.04771   -0.14721   -0.00253   -0.04327   -0.16202   -0.00746   -0.03979    0.02681    0.03278    0.05509    0.01339    0.05289    0.03429    0.02340   -0.00673   -0.00866    0.03442    0.00829    0.05099    0.00299    0.04398   -0.00174   -0.00288    0.00661    0.01604    0.04791    0.04084    0.04052    0.09212    0.32090    0.32406
       50491
    0.83886    0.02702   -0.10290   -0.01121   -0.43520   -0.13389    0.00413   -0.04819   -0.15187    0.02769   -0.03453   -0.16221   -0.01099   -0.04567    0.00478    0.03402    0.05165    0.00930    0.03800    0.00652    0.03213   -0.00398    0.00553    0.03239    0.02773    0.05416    0.00578    0.02715   -0.02202   -0.00684    0.01777    0.03548    0.03375    0.04001    0.04298    0.11157    0.34253    0.31861
       50991
    0.84250   -0.07366   -0.06757   -0.10516   -0.40043   -0.14412   -0.00166   -0.03671   -0.14303    0.00596   -0.04557   -0.15878    0.00594   -0.03875    0.01098    0.02911    0.04832    0.01699    0.04916    0.04228    0.03796    0.01026   -0.01607    0.01867    0.03278    0.05172    0.01724    0.02700   -0.01489   -0.00281    0.02232    0.03412    0.04339    0.04081    0.04543    0.13916    0.33022    0.34687
       51491
    0.83694    0.00690   -0.05585   -0.06554   -0.38286   -0.14405   -0.00409   -0.04188   -0.15740   -0.01413   -0.03790   -0.15615    0.00284   -0.04310   -0.00935    0.02278    0.02755    0.04153    0.06058    0.02436    0.04109    0.00238   -0.00776    0.03094    0.00695    0.02466    0.03980    0.02381    0.00118   -0.01088    0.02430    0.02647    0.03431    0.03740    0.03306    0.11855    0.33137    0.33118
       51991
    0.89404   -0.02158   -0.08849   -0.09415   -0.34978   -0.14249    0.00584   -0.05440   -0.14670    0.02094   -0.04712   -0.15624   -0.00246   -0.03850    0.00069    0.03554    0.02869    0.04031    0.03596    0.03331    0.00698    0.00328   -0.00502    0.04409   -0.01679    0.03095    0.04502   -0.00674   -0.00194   -0.00848    0.01895    0.01093    0.03750    0.04132    0.04542    0.14098    0.32684    0.33331
       52491
    0.84074    0.01831   -0.09287   -0.00134   -0.41893   -0.11023    0.00090   -0.03940   -0.13710    0.01986   -0.05058   -0.15943   -0.02014   -0.04389    0.02060    0.04508    0.02234    0.02328    0.03688    0.03777    0.02393    0.00040   -0.00810    0.03171    0.03803    0.02367    0.00816    0.02715   -0.00308   -0.01085    0.02042    0.01101    0.02013    0.04423    0.04603    0.08762    0.33401    0.31369
       52991
    0.84876   -0.01357   -0.06763   -0.01900   -0.43235   -0.11822   -0.00935   -0.03936   -0.14774    0.00675   -0.05250   -0.15823   -0.00742   -0.03707   -0.00078    0.04574    0.01991    0.02224    0.03676    0.03828    0.04059   -0.01348    0.00125    0.02916    0.03783    0.03676    0.02634    0.02985   -0.01259   -0.00006    0.01161    0.02051    0.03655    0.04542    0.04866    0.10339    0.33229    0.31068
       53491
    0.87561   -0.01961   -0.07558   -0.02978   -0.44401   -0.13086   -0.01395   -0.05000   -0.13141    0.02670   -0.05861   -0.16013    0.00124   -0.05240    0.00750    0.04133    0.01697    0.02327    0.04261    0.02528    0.03165   -0.00033    0.01149    0.02773    0.05665    0.03388    0.04055    0.00247   -0.00066    0.00278   -0.00288    0.02796    0.00818    0.03307    0.04586    0.12755    0.35507    0.30484
       53991
    0.92451    0.03300   -0.07823   -0.04033   -0.43056   -0.14031   -0.01388   -0.06322   -0.13589    0.01566   -0.04500   -0.15102   -0.00348   -0.04321   -0.02149    0.03085    0.03375    0.02952    0.04325    0.01118    0.01513   -0.00446    0.00368    0.03692    0.03053    0.03815    0.02933    0.02991    0.00174    0.00275    0.01190    0.03064    0.01103    0.03447    0.05155    0.09881    0.31076    0.31206
       54491
    0.87975   -0.03231   -0.06285   -0.02070   -0.44164   -0.11986   -0.00289   -0.04002   -0.14824    0.00578   -0.05265   -0.16067   -0.00844   -0.04884    0.01369    0.02800    0.04060    0.02738    0.05424    0.04980    0.00757   -0.01903    0.00149    0.02809    0.03269    0.03257    0.03327    0.02954   -0.01172    0.00298    0.01074    0.02605    0.00519    0.03567    0.05364    0.09085    0.35228    0.32801
       54991
    0.86433   -0.01335   -0.05410   -0.02178   -0.43732   -0.13826    0.00513   -0.04377   -0.15650    0.01024   -0.04693   -0.16047    0.00541   -0.04327    0.00984    0.01521    0.05994    0.02261    0.03752    0.04648   -0.00557   -0.02933   -0.00335    0.03005    0.05218    0.04107    0.01942    0.03979   -0.00487   -0.01092    0.01682    0.03035    0.03000    0.03153    0.04497    0.12201    0.31332    0.32155
       55491
    0.86428   -0.01059   -0.04628   -0.07387   -0.42049   -0.11964   -0.00686   -0.05731   -0.14800    0.00949   -0.03877   -0.15982    0.00798   -0.04897    0.01379    0.02406    0.07120    0.02166    0.01544    0.04339    0.04343   -0.03768   -0.00158    0.02580    0.04872    0.03733    0.02848    0.05114   -0.00940    0.00031    0.01391    0.02901    0.02700    0.03131    0.04286    0.10775    0.29995    0.32097
       55991
    0.87206   -0.04684   -0.03666   -0.00765   -0.39407   -0.14468   -0.01631   -0.04833   -0.14749    0.00860   -0.04398   -0.16603   -0.00752   -0.04578   -0.00420    0.02562    0.03035    0.02812    0.03121    0.03919    0.02484   -0.04266    0.00492    0.02655    0.03737    0.04213    0.03902    0.00452   -0.02386    0.01008    0.02837    0.02100    0.03578    0.03483    0.04657    0.13761    0.32758    0.31972
       56491
    0.87085   -0.02742   -0.08575   -0.04690   -0.35449   -0.13276   -0.00776   -0.03794   -0.14229    0.00219   -0.02801   -0.15734   -0.00502   -0.05342    0.00427    0.02439    0.02994    0.04506    0.03933    0.04322    0.03661   -0.03335    0.00260    0.02903    0.02501    0.04499    0.04558    0.01505   -0.00855    0.00571    0.02053    0.01479    0.01697    0.02694    0.04795    0.10748    0.29659    0.32589
       56991
    0.87822   -0.08365   -0.06387   -0.03139   -0.33665   -0.13971   -0.00211   -0.04341   -0.14365    0.00076   -0.04309   -0.15468   -0.00149   -0.04782   -0.01083    0.01133    0.03080    0.03903    0.04106    0.03190    0.05206   -0.01789   -0.00650    0.01896    0.01825    0.04598    0.03382    0.00400   -0.01025    0.01476    0.02213    0.01809    0.02629    0.02611    0.04986    0.14295    0.32366    0.30696
       57491
    0.84294   -0.05777   -0.07061   -0.04151   -0.35773   -0.15006   -0.01226   -0.04717   -0.14783    0.00270   -0.03965   -0.15060    0.00374   -0.04948    0.02362    0.00796    0.03245    0.02399    0.03583    0.05302    0.03057   -0.01702   -0.00860    0.02799    0.01741    0.04076    0.03682    0.03020   -0.00559    0.00382    0.02119    0.02128    0.02234    0.03416    0.03734    0.15278    0.31230    0.34065
       57991
    0.81051   -0.02268   -0.04835   -0.02401   -0.40481   -0.12976   -0.01578   -0.03781   -0.14444   -0.00012   -0.04694   -0.14699    0.00326   -0.03665    0.00862    0.01578    0.04542    0.02522    0.04206    0.04822    0.01825   -0.02055   -0.00177    0.02343    0.01508    0.04143    0.03352    0.02601   -0.00356    0.01533    0.03601    0.01241    0.01144    0.04128    0.05592    0.12552    0.30913    0.32036
       58491
    0.86344   -0.05422   -0.05049   -0.02671   -0.38181   -0.13637   -0.00980   -0.03442   -0.14621   -0.00286   -0.05023   -0.15385   -0.00269   -0.05085   -0.00727    0.03660    0.03646    0.01705    0.04304    0.03578    0.05440   -0.02209   -0.00233    0.02839    0.02704    0.03441    0.02384    0.01734   -0.00310    0.02015    0.02781    0.03175   -0.02890    0.04420    0.05396    0.14740    0.31298    0.30816
       58991
    0.85176   -0.00579   -0.07546   -0.04806   -0.42001   -0.12281   -0.00713   -0.04753   -0.13751    0.00707   -0.05175   -0.15044    0.00068   -0.04075    0.00986    0.03674    0.02261    0.02834    0.01229    0.05487    0.04308   -0.00569    0.00247    0.03820    0.01803    0.03269    0.03029    0.00932    0.00397    0.00349    0.02219    0.02619    0.02992    0.04133    0.05019    0.10509    0.31305    0.31922
       59491
    0.84055   -0.05608   -0.02594   -0.01585   -0.43209   -0.12594   -0.00265   -0.04221   -0.13818    0.00026   -0.05047   -0.15599   -0.00156   -0.04255   -0.00438    0.01660    0.04693    0.03203    0.02476    0.05063    0.04789   -0.00198   -0.00272    0.03239    0.01733    0.02555    0.00791    0.04343   -0.00076    0.00332    0.00934    0.02901    0.03066    0.03583    0.04367    0.12242    0.29758    0.34125
       59991
    0.84307   -0.02516   -0.13209   -0.01725   -0.38931   -0.13870   -0.00370   -0.04794   -0.13828    0.01541   -0.03806   -0.15118    0.00655   -0.05067    0.00364    0.01300    0.02598    0.03104    0.03907    0.04858    0.02970   -0.00513    0.01562    0.03195    0.00638    0.04264    0.00009    0.03643   -0.00258    0.00305    0.00753    0.03226    0.02247    0.02592    0.04038    0.14901    0.34077    0.32949
       60491
    0.84214   -0.03569   -0.05978   -0.02898   -0.39513   -0.12329   -0.00422   -0.04225   -0.14640    0.00353   -0.03792   -0.14279    0.00286   -0.05784    0.00113    0.02353    0.02344    0.03621    0.03505    0.04369    0.03492    0.00169   -0.00700    0.03049   -0.00055    0.03100    0.03115    0.02197   -0.00372    0.00072    0.02064    0.03082    0.01244    0.02712    0.04034    0.12670    0.33122    0.33278
       60991
    0.85293   -0.02591   -0.07089   -0.00301   -0.38353   -0.11271   -0.00072   -0.04793   -0.15022   -0.00680   -0.03363   -0.15057    0.00545   -0.05142    0.00363    0.03725    0.02563    0.03315    0.02018    0.04153    0.03632   -0.00185    0.00203    0.03601   -0.02203   -0.00457    0.03789    0.04077   -0.00588   -0.00585    0.01752    0.01889   -0.00706    0.04034    0.05267    0.13276    0.32951    0.32010
       61491
    0.89030   -0.01688   -0.04965   -0.05649   -0.41612   -0.13430   -0.00693   -0.05968   -0.14208   -0.01151   -0.03439   -0.14580    0.01217   -0.04523    0.01392    0.00638    0.01894    0.03254    0.02609    0.02867    0.02333    0.00160    0.00589    0.02259   -0.00665    0.02339    0.04820    0.03934    0.00244    0.00092    0.02183    0.01076    0.01761    0.02883    0.05295    0.13078    0.33746    0.32878
       61991
    0.87344   -0.01171   -0.02413   -0.01150   -0.40667   -0.14333   -0.00630   -0.03999   -0.15029   -0.00097   -0.06106   -0.16013   -0.02056   -0.03590    0.00700    0.01381    0.03522    0.02002    0.03095    0.04424    0.04251   -0.01109    0.00160    0.03160    0.02155    0.02784    0.03317   -0.01821   -0.01148    0.00071   -0.00446    0.00823    0.04972    0.02475    0.05198    0.14996    0.32523    0.32422
       62491
    0.87602    0.05455   -0.08102   -0.02489   -0.43129   -0.14487   -0.01833   -0.04917   -0.13771   -0.00010   -0.03649   -0.15263   -0.01243   -0.03899    0.00122    0.03467    0.04900    0.01124    0.00506    0.03855    0.03951   -0.00418    0.00923    0.03440   -0.00497    0.03279    0.04423    0.03372   -0.01351    0.00060    0.00041    0.00748    0.03940    0.03299    0.05253    0.12477    0.31414    0.31408
       62991
    0.85863   -0.00515   -0.01499    0.00393   -0.45202   -0.13600   -0.01048   -0.05080   -0.15239    0.00399   -0.03521   -0.14719   -0.00864   -0.05258    0.00999    0.02251    0.04869    0.00637    0.01312    0.04325    0.05046   -0.01941    0.01617    0.04084    0.00879    0.03700    0.01476    0.04179   -0.00665   -0.00097    0.00211    0.01025    0.01658    0.04304    0.04132    0.14148    0.32480    0.29261
       63491
    0.87437   -0.01464   -0.02939   -0.02848   -0.48628   -0.13523   -0.00800   -0.03049   -0.13540   -0.01692   -0.04431   -0.14504    0.00505   -0.05464   -0.00475    0.04360    0.03565    0.01556    0.04171    0.04341    0.04005   -0.00854    0.01494    0.02570   -0.00020    0.00446    0.03188    0.05065   -0.00051   -0.00482    0.02445    0.02008    0.02561    0.02872    0.04026    0.14443    0.32801    0.30906
       63991
    0.81582   -0.02018   -0.06103   -0.02151   -0.47975   -0.14970   -0.01267   -0.03714   -0.15564    0.00294   -0.03686   -0.15736    0.00296   -0.03558   -0.00581    0.03647    0.04340    0.01978    0.02856    0.03728    0.03930   -0.02434    0.01838    0.02641    0.02340    0.03290    0.03411    0.04480    0.00609   -0.00674    0.02378    0.01478    0.03450    0.03595    0.04761    0.15708    0.34662    0.33137
       64491
    0.81143   -0.02469   -0.08520   -0.07233   -0.46067   -0.13096    0.00047   -0.04936   -0.14382    0.01089   -0.04166   -0.14149    0.00010   -0.02709   -0.00084    0.02575    0.05728    0.03902    0.04030    0.04248    0.03096   -0.01747    0.00945    0.03806    0.03548    0.04009    0.03602    0.00440   -0.00875    0.01370    0.01337    0.03099    0.03468    0.03670    0.06029    0.12309    0.33901    0.33031
       64991
    0.83554    0.00341   -0.08713   -0.02844   -0.42417   -0.12938    0.00154   -0.05076   -0.15155    0.01182   -0.04061   -0.14536    0.00585   -0.04217   -0.00448    0.02650    0.05389    0.03504    0.03182    0.04861    0.02934   -0.01944    0.00683    0.03164    0.04092    0.04280    0.00220    0.03569    0.00157    0.00552    0.00978    0.03389    0.01462    0.03280    0.05090    0.08719    0.32838    0.31536
       65491
    0.84460   -0.02737   -0.07229   -0.00909   -0.38977   -0.11619   -0.00148   -0.03750   -0.16913   -0.00059   -0.02883   -0.15018   -0.00494   -0.05823    0.01406    0.03300    0.04945    0.03136    0.04227    0.04949    0.04062   -0.02970    0.00054    0.02254    0.01537    0.05541    0.00220    0.03888    0.00571    0.00562    0.00668    0.03575    0.01245    0.03271    0.04296    0.09556    0.31727    0.30082
       65991
    0.83789   -0.00460   -0.01815   -0.02325   -0.42007   -0.12155   -0.00384   -0.03665   -0.13688   -0.00238   -0.03831   -0.16445   -0.01060   -0.04890    0.01521    0.03421    0.05745    0.02404    0.04573    0.03932    0.03947   -0.03358    0.00645    0.03607    0.00321    0.02933    0.01529    0.04946   -0.01454    0.00409    0.01986    0.02459    0.03522    0.01688    0.04713    0.09406    0.29883    0.30394
       66491
    0.89640   -0.00480   -0.04653   -0.03239   -0.44330   -0.13705   -0.00134   -0.05401   -0.16282    0.01325   -0.03958   -0.16592    0.00072   -0.04469    0.00332    0.01993    0.06056    0.03277    0.02049    0.03888    0.03644   -0.03090   -0.00658    0.03775    0.04543    0.00508    0.03810    0.04355   -0.01439   -0.00175    0.02359    0.02678    0.03231    0.02413    0.04638    0.10282    0.31583    0.32153
       66991
    0.87143    0.01545   -0.03454   -0.05297   -0.47408   -0.13267   -0.01202   -0.04425   -0.13319    0.00571   -0.05004   -0.14929    0.00247   -0.03790    0.01311    0.00595    0.04819    0.03029    0.01654    0.05365    0.03772   -0.01996    0.01189    0.03093    0.02230    0.01955    0.03919    0.04788    0.00158   -0.00514    0.03060    0.02349    0.02533    0.03874    0.04161    0.08549    0.32195    0.30504
       67491
    0.90829   -0.02719   -0.03816   -0.03694   -0.45233   -0.12927   -0.00821   -0.02471   -0.15081    0.01040   -0.05981   -0.15645   -0.00524   -0.03581   -0.00750    0.01261    0.04490    0.03320    0.04123    0.04873    0.04850   -0.02209   -0.00728    0.02423    0.05179    0.00363    0.02704    0.02730   -0.00576   -0.00601    0.02398    0.02578    0.01673    0.04457    0.04167    0.10162    0.31742    0.31993
       67991
    0.84500    0.02657   -0.02799   -0.01709   -0.48101   -0.13223   -0.00783   -0.03476   -0.16002    0.01023   -0.04803   -0.14657   -0.01009   -0.03795    0.01251    0.02631    0.04526    0.02220    0.00843    0.03125    0.05795   -0.03553    0.00709    0.02686    0.02647    0.01490    0.03569    0.03983   -0.00796   -0.00519    0.02802    0.03163    0.01596    0.04258    0.05066    0.13318    0.31755    0.29616
       68491
    0.88711    0.01187   -0.06530   -0.03927   -0.47639   -0.14580    0.00888   -0.05054   -0.14063    0.01184   -0.04940   -0.15663   -0.00407   -0.03495   -0.00062    0.01308    0.06710    0.02701    0.01739    0.03700    0.03007   -0.01662    0.00086    0.01862    0.03771    0.02207    0.02933    0.01906   -0.01273   -0.00712    0.01809    0.03119    0.03247    0.04594    0.04260    0.15520    0.33739    0.29819
       68991
    0.87477    0.02572   -0.06218   -0.03753   -0.41378   -0.15160   -0.00195   -0.04100   -0.16227    0.00080   -0.03642   -0.15683   -0.00305   -0.05051   -0.00231    0.01001    0.05250    0.03086    0.03982    0.03874    0.03843   -0.02785   -0.00694    0.02802    0.04443    0.03755    0.04192   -0.00189   -0.00058   -0.01036    0.01357    0.02425    0.00814    0.04185    0.04329    0.14240    0.33168    0.29832
       69491
    0.87477   -0.03150   -0.06604   -0.04867   -0.42876   -0.15095    0.00398   -0.03082   -0.14222    0.01802   -0.04519   -0.15648    0.00190   -0.05440   -0.01738    0.01638    0.04987    0.03546    0.02836    0.03569    0.04966   -0.01382    0.00375    0.03447    0.01622    0.03937    0.03596    0.00099    0.00173   -0.00550    0.01883    0.02571    0.01267    0.02166    0.03994    0.15425    0.35613    0.31597
       69991
    0.85803   -0.00348   -0.03875   -0.02446   -0.43957   -0.12970    0.00857   -0.02461   -0.15002    0.01020   -0.04130   -0.16166   -0.00166   -0.04684   -0.00065    0.01472    0.05694    0.04090    0.02740    0.04384    0.04979   -0.01050   -0.02122    0.03255    0.04061    0.03204    0.03553    0.02897   -0.00271   -0.01329    0.02245    0.04185    0.02886    0.00858    0.03800    0.07666    0.30404    0.30986
       70491
    0.85362    0.00874   -0.05541   -0.03433   -0.41947   -0.13754    0.00332   -0.04397   -0.13598    0.00559   -0.03997   -0.15888    0.00410   -0.04892    0.00104    0.01439    0.06187    0.03430    0.03723    0.03957    0.02967   -0.00974   -0.00438    0.02348    0.04347    0.02395    0.04270    0.04209   -0.01924   -0.01739    0.02370    0.03092    0.01713    0.03619    0.03750    0.09843    0.28098    0.33124
       70991
    0.86553   -0.03639   -0.08410   -0.04580   -0.43610   -0.13216    0.00917   -0.04248   -0.13255    0.02955   -0.04366   -0.14886    0.00629   -0.04466    0.00373    0.01190    0.06435    0.03429    0.03604    0.03696    0.02391   -0.01576   -0.00595    0.03389    0.04845    0.01983    0.03631    0.03884    0.01137   -0.01439    0.01368    0.03792    0.00964    0.04725    0.03985    0.10239    0.32057    0.30113
       71491
    0.81912    0.04004   -0.05989   -0.03030   -0.37840   -0.13938   -0.00584   -0.05250   -0.15089    0.00246   -0.04387   -0.15037    0.01055   -0.04791   -0.00819    0.01257    0.05448    0.04695    0.03156    0.03437    0.03232   -0.02850   -0.00923    0.02242    0.04262    0.03233    0.03569    0.02673    0.01207   -0.01734    0.01736    0.04493   -0.00301    0.04530    0.03451    0.12027    0.28399    0.32298
       71991
    0.91108   -0.08501   -0.05940   -0.02305   -0.43779   -0.12506    0.00474   -0.04474   -0.13657    0.00553   -0.04826   -0.15653    0.01473   -0.05042   -0.00908    0.02171    0.06018    0.03839    0.03125    0.03643    0.04964   -0.00726   -0.00713    0.01718    0.02749    0.02088    0.03565    0.04153    0.00060   -0.01813    0.02885    0.03605    0.01433    0.02137    0.03497    0.08826    0.32589    0.34171
       72491
    0.85514    0.01980   -0.07470   -0.04431   -0.43916   -0.13118   -0.00144   -0.05043   -0.15105    0.01715   -0.04725   -0.15153    0.00559   -0.03517   -0.00147    0.04381    0.05240    0.02920    0.02288    0.04466    0.03437   -0.01675   -0.01066    0.01893    0.04469    0.01581    0.01638    0.06234    0.00603   -0.01675    0.02618    0.04015    0.03638    0.00359    0.04279    0.10907    0.30457    0.31993
       72991
    0.88948   -0.02649   -0.05900   -0.05045   -0.46161   -0.13241   -0.00739   -0.04131   -0.13624    0.00928   -0.05052   -0.14894    0.01179   -0.03956    0.00434    0.03900    0.04900    0.01053    0.03868    0.04403    0.03381   -0.01835    0.01124    0.02271    0.04576    0.00497    0.04059    0.04878   -0.00535   -0.00621    0.02962    0.02378    0.04044    0.01208    0.03582    0.12211    0.28356    0.33244
       73491
    0.84475    0.00617   -0.04707   -0.02762   -0.47579   -0.13757   -0.01749   -0.02518   -0.14653    0.01634   -0.04682   -0.15438    0.00741   -0.04094   -0.00519    0.01408    0.07080    0.00308    0.03053    0.04825    0.03954   -0.01517    0.00096    0.02103    0.05972    0.02311    0.04213    0.03672    0.00769   -0.01601    0.03009    0.03561    0.04386    0.04132    0.01698    0.09554    0.28820    0.33186
       73991
    0.90371   -0.01754   -0.03738   -0.01167   -0.45933   -0.13380   -0.02442   -0.03964   -0.14850    0.00828   -0.04434   -0.15194   -0.00910   -0.04021   -0.00287    0.01931    0.04495    0.02286    0.01892    0.03044    0.03778   -0.00504   -0.00120    0.03147    0.03736    0.03700    0.03502    0.03963   -0.00628   -0.01685    0.02983    0.03110    0.04281    0.05192    0.00531    0.09591    0.30056    0.32595
       74491
    0.91821   -0.03218   -0.05238   -0.02033   -0.41344   -0.15332   -0.00983   -0.04807   -0.13937    0.00525   -0.05195   -0.15861   -0.00088   -0.04651    0.00293    0.02583    0.04645    0.01627    0.01309    0.03414    0.04663   -0.00044   -0.00314    0.03021    0.02938    0.00492    0.04208    0.02061   -0.00601   -0.00992    0.04077    0.01718    0.01269    0.05255    0.02474    0.13727    0.28533    0.33986
       74991
    0.94407    0.02420   -0.08074   -0.04141   -0.43471   -0.09993   -0.01311   -0.04876   -0.14267    0.01494   -0.03331   -0.14914    0.01263   -0.05352   -0.00072    0.01896    0.03495    0.02452    0.03445    0.03745    0.01772   -0.01364   -0.00550    0.02879    0.04128    0.01706    0.05117    0.04599    0.00411    0.00179    0.02846    0.03092   -0.02331    0.04651    0.04455    0.02761    0.29895    0.30937
       75491
    0.82693   -0.01625   -0.02584   -0.02667   -0.46470   -0.15477   -0.00627   -0.05328   -0.14062    0.00207   -0.02674   -0.15579    0.01068   -0.03379   -0.00588    0.00703    0.04077    0.02081    0.02255    0.03369    0.04520   -0.01738   -0.00025    0.02338    0.02939    0.03185    0.05246    0.03878    0.01017    0.00085    0.02862    0.02549    0.00090    0.05117    0.04867    0.15917    0.29020    0.32739
       75991
    0.88022    0.03826   -0.07223   -0.06952   -0.40091   -0.12608   -0.01046   -0.05796   -0.14843   -0.00388   -0.04132   -0.16504   -0.00412   -0.01987   -0.01687    0.02946    0.04515    0.03311    0.02754    0.03475    0.03064   -0.01832   -0.00800    0.02514    0.04160    0.01284    0.04178    0.04394   -0.01325   -0.00043    0.00709    0.00986    0.03441    0.05888    0.05236    0.09660    0.29585    0.33720
       76491
    0.84723    0.04694   -0.05659   -0.02885   -0.43268   -0.13767   -0.00724   -0.05237   -0.15479   -0.00622   -0.04912   -0.15116   -0.00208   -0.03004   -0.01601    0.02991    0.04835    0.01986    0.03264    0.03070    0.03553   -0.01493   -0.00359    0.01628    0.04101    0.01544    0.03340    0.03278    0.00650   -0.00351    0.02253    0.01743    0.04973    0.05029    0.01550    0.10357    0.32022    0.33101
       76991
    0.86123   -0.00967   -0.06154   -0.03374   -0.44986   -0.14644    0.00028   -0.04590   -0.14957   -0.00564   -0.04018   -0.15273    0.01519   -0.05183   -0.00230    0.02100    0.05869    0.01304    0.03036    0.04859    0.04206   -0.00852    0.00171    0.02879    0.00447    0.04207    0.02966    0.02193    0.00234   -0.00438    0.02197    0.03547    0.04603    0.04225   -0.00333    0.11013    0.33511    0.35326
       77491
    0.85552    0.01706   -0.12743   -0.00690   -0.41099   -0.13925   -0.01354   -0.04544   -0.13652    0.01895   -0.03820   -0.15342   -0.00047   -0.04850   -0.01319    0.02251    0.05234    0.01830    0.02926    0.03111    0.03770    0.00024    0.01479    0.03707    0.02164    0.03961    0.03228    0.01229   -0.00128   -0.00935    0.02393    0.03625    0.01559    0.04818    0.02294    0.10944    0.34704    0.30040
       77991
    0.88130   -0.01164   -0.02390   -0.06178   -0.40529   -0.13509   -0.01785   -0.03462   -0.14569   -0.00149   -0.05815   -0.15061   -0.00295   -0.04113   -0.00461    0.03186    0.04113    0.02536    0.03767    0.04244    0.02341   -0.01123    0.00375    0.03332    0.03979    0.01327    0.03546    0.02491   -0.00692   -0.01830    0.02686    0.03439    0.03849    0.04611    0.04097    0.09065    0.29844    0.32168
       78491
    0.86768   -0.01649   -0.06773   -0.02916   -0.42700   -0.11215   -0.01188   -0.01877   -0.14182   -0.00638   -0.05169   -0.15721   -0.00174   -0.04124   -0.00594    0.03644    0.04794    0.02925    0.03052    0.03666    0.06586   -0.01736    0.00552    0.02897    0.03392    0.01689    0.05582    0.01384    0.00144   -0.02196    0.01364    0.02891    0.03826    0.04592    0.03464    0.05031    0.31019    0.33590
       78991
    0.84946   -0.01991   -0.01629   -0.03204   -0.44298   -0.14437    0.00503   -0.03619   -0.14953   -0.00560   -0.04308   -0.14664    0.01085   -0.05483   -0.00650    0.01662    0.05154    0.03199    0.02447    0.04341    0.05983   -0.01410   -0.00012    0.02717    0.03530    0.04143    0.03226    0.01460    0.01071   -0.00706    0.01626    0.02952    0.03654    0.04754   -0.03069    0.11455    0.31148    0.33936
       79491
    0.91899   -0.02092   -0.06528   -0.04148   -0.42535   -0.10535   -0.01629   -0.04938   -0.13811    0.00745   -0.03756   -0.15138   -0.00268   -0.05108    0.02126    0.04022    0.04566    0.00447    0.03677    0.04480    0.03736   -0.00741    0.00770    0.03452    0.03125    0.02187    0.03893    0.04510   -0.00013   -0.00830    0.02987    0.01435    0.02736    0.05460    0.01045    0.04871    0.29597    0.30304
       79991
    0.82922    0.01758   -0.03746   -0.01381   -0.41994   -0.14893   -0.00422   -0.05202   -0.13857    0.00386   -0.03750   -0.16810   -0.00975   -0.04684   -0.00071    0.02102    0.04359    0.02444    0.02796    0.04072    0.04211   -0.00106   -0.00538    0.02002    0.03398   -0.00039    0.05201    0.03117   -0.00963   -0.00877    0.01659    0.01758    0.03166    0.04401    0.03657    0.11767    0.31221    0.33913
       80491
    0.91970   -0.02998   -0.05548   -0.04380   -0.46497   -0.13661   -0.01378   -0.05923   -0.14067    0.00006   -0.03139   -0.15784    0.00102   -0.04203   -0.00881    0.03835    0.04598    0.01862    0.03651    0.03839    0.04596    0.00019   -0.00909    0.02730    0.02979    0.02975    0.04755    0.03744   -0.00919   -0.00043    0.01024    0.01283    0.03612    0.04715    0.03753    0.10297    0.29790    0.34194
       80991
    0.82442    0.00855   -0.06441   -0.01888   -0.40999   -0.13385    0.00617   -0.05101   -0.13181   -0.00483   -0.02249   -0.16309   -0.00644   -0.04072   -0.00953    0.02900    0.06041    0.02443    0.02964    0.04226    0.02390    0.00907    0.00121    0.01772    0.03008    0.03680    0.04643    0.04030   -0.01168    0.00319    0.00516    0.02616    0.04830    0.05181    0.00503    0.07507    0.28672    0.33690
       81491
    0.91267   -0.01810   -0.12119   -0.04464   -0.42741   -0.11188   -0.00103   -0.03507   -0.14962    0.00816   -0.03384   -0.15688   -0.00760   -0.04026    0.01464    0.02253    0.04219    0.02605    0.03587    0.04413    0.04864    0.00144    0.00229    0.01552    0.03183    0.03624    0.05787    0.02174   -0.00924   -0.00038    0.01885    0.00854    0.02024    0.04460    0.04543    0.05995    0.31786    0.31985
       81991
    0.84897   -0.01165   -0.04052    0.00081   -0.44230   -0.12540   -0.02100   -0.03283   -0.15067    0.00704   -0.04513   -0.15423   -0.01113   -0.03783    0.00466    0.04198    0.03407    0.02385    0.04692    0.04170    0.00366    0.00032    0.00526    0.03013    0.02519    0.01747    0.03358    0.05558   -0.00752   -0.00327    0.02523    0.01013    0.01143    0.03978    0.04989    0.09547    0.32711    0.30326
       82491
    0.91821   -0.03982   -0.03982   -0.03493   -0.45172   -0.13647   -0.00962   -0.04504   -0.15626   -0.00250   -0.04526   -0.15594    0.00657   -0.04017   -0.01263    0.03715    0.03464    0.02407    0.03024    0.03597    0.02100    0.01056   -0.00151    0.03267    0.01809    0.03366    0.04438    0.03359   -0.00428    0.00300    0.00237    0.02814    0.03404    0.05451    0.02031    0.10351    0.31662    0.33269
       82991
    0.88969   -0.00833   -0.09078   -0.02965   -0.41138   -0.13545   -0.01294   -0.04625   -0.15220    0.01249   -0.03997   -0.15203    0.00301   -0.05155   -0.01785    0.04408    0.03718    0.03459    0.02133    0.04054    0.05207    0.00816   -0.00500    0.01869    0.03060    0.02832    0.04126    0.02749   -0.00140   -0.00678   -0.00164    0.03894    0.03656    0.04659    0.00538    0.08075    0.33003    0.33543
       83491
    0.87532   -0.02403   -0.04404   -0.02138   -0.41375   -0.12928   -0.00276   -0.04270   -0.13923   -0.00416   -0.04685   -0.16066   -0.00742   -0.04232    0.00403    0.02209    0.04551    0.02927    0.04113    0.05144    0.04376    0.00289   -0.00762    0.00954    0.03313    0.00366    0.02967    0.04323   -0.01231    0.00164   -0.00835    0.03474    0.03400    0.05169    0.02777    0.06568    0.32670    0.32997
       83991
    0.87397   -0.02560   -0.12251   -0.06772   -0.39889   -0.12716   -0.01297   -0.03996   -0.13922    0.02616   -0.03270   -0.15542   -0.00076   -0.02900    0.00333    0.03187    0.04707    0.02255    0.02037    0.05609    0.05291   -0.01296    0.00198    0.02034    0.04012    0.02012    0.03606    0.04463   -0.00765   -0.00795   -0.00055    0.02200    0.01702    0.05894    0.04093    0.08026    0.33007    0.33424
       84491
    0.88509    0.00145   -0.05082   -0.03116   -0.42509   -0.12153   -0.01494   -0.03897   -0.14763    0.00543   -0.04792   -0.15590    0.00524   -0.03965    0.00076    0.03536    0.03645    0.01834    0.04980    0.03468    0.03841   -0.03014   -0.01720    0.02091    0.05098   -0.00019    0.04235    0.02972   -0.01277    0.00117   -0.00136    0.01730    0.02566    0.04455    0.03752    0.07101    0.32480    0.35828
       84991
    0.91951   -0.03571   -0.10068   -0.01932   -0.43747   -0.13541   -0.00292   -0.03849   -0.14451    0.00368   -0.04296   -0.14575    0.00074   -0.04786    0.00472    0.03104    0.04155    0.02790    0.02434    0.03457    0.03827   -0.02016   -0.00822    0.02984    0.04283    0.02008    0.03140    0.04913   -0.00365   -0.00297    0.01970    0.01997    0.04286    0.03804    0.01431    0.11126    0.32013    0.32022
       85491
    0.86625    0.00730   -0.06561   -0.01309   -0.41018   -0.12422   -0.01437   -0.03638   -0.14042    0.00543   -0.03364   -0.15217    0.00565   -0.04747    0.00771    0.02410    0.03354    0.04036    0.02047    0.04445    0.03765    0.00411   -0.01567    0.03035    0.03950    0.02984    0.02482    0.02927   -0.01275   -0.01648    0.00872    0.03670    0.01824    0.04663    0.02968    0.06736    0.29295    0.33137
       85991
    0.90737   -0.07406   -0.06383   -0.01018   -0.43302   -0.14335   -0.00359   -0.03032   -0.14439    0.01377   -0.03252   -0.16566    0.00815   -0.05150    0.00015    0.02038    0.04972    0.02519    0.03403    0.05203    0.04696   -0.00063   -0.01806    0.03418    0.03842    0.02739    0.03339    0.02904   -0.01545   -0.01150    0.01118    0.03325    0.02878    0.04025    0.03028    0.07987    0.30707    0.34721
       86491
    0.85867    0.01573   -0.05374   -0.01414   -0.42892   -0.15122    0.00044   -0.04248   -0.15295    0.01132   -0.04454   -0.15207    0.01283   -0.05573    0.00628    0.01942    0.05712    0.02552    0.02719    0.04399    0.05114   -0.01387    0.00065    0.02653    0.04719    0.03567    0.00509    0.03427   -0.01049   -0.00036    0.00208    0.03678    0.03713    0.03843    0.00530    0.09584    0.30439    0.32151
       86991
    0.90572   -0.01415   -0.05699   -0.03790   -0.43471   -0.11535   -0.00270   -0.05129   -0.13963    0.00324   -0.03388   -0.15691    0.00113   -0.03393    0.00407    0.02974    0.04463    0.02328    0.02872    0.04329    0.03324   -0.01066   -0.00237    0.01946    0.04476    0.05120    0.03838    0.03258   -0.01375    0.00644   -0.01055    0.02398    0.02609    0.05256    0.04398    0.05812    0.27710    0.32304
       87491
    0.84076   -0.02402   -0.02120   -0.00096   -0.43398   -0.13650   -0.00251   -0.05293   -0.14985    0.00592   -0.03564   -0.15865   -0.01484   -0.03414   -0.00233    0.02658    0.05055    0.03161    0.03311    0.03045    0.02277   -0.02207   -0.00658    0.02656    0.03455    0.04092    0.04807    0.03931   -0.01973   -0.00242    0.00650    0.01835    0.03708    0.04499    0.03209    0.11941    0.30583    0.32294
       87991
    0.91136   -0.03498   -0.03332   -0.02608   -0.41838   -0.13159   -0.00659   -0.04852   -0.14404    0.00731   -0.04650   -0.15413   -0.00476   -0.04692   -0.00044    0.02590    0.03140    0.02470    0.01140    0.03791    0.05939   -0.02630   -0.00110    0.02765    0.03363    0.02100    0.02584    0.05462   -0.02609   -0.00184   -0.00467    0.02405    0.05596    0.04196    0.01420    0.12622    0.28910    0.33264
       88491
    0.88399   -0.01216   -0.08323   -0.03372   -0.37187   -0.11448   -0.01492   -0.03667   -0.14564    0.00772   -0.05509   -0.16116    0.00190   -0.04470   -0.01069    0.04460    0.03265    0.02527    0.01982    0.03665    0.05167   -0.02853    0.00296    0.02144    0.03394    0.02499    0.02816    0.02994   -0.00560   -0.00881    0.01106    0.01785    0.01566    0.05527    0.03825    0.09445    0.31795    0.33108
       88991
    0.86897   -0.06758   -0.05086   -0.04630   -0.37877   -0.12090   -0.00805   -0.03078   -0.14720    0.00304   -0.04163   -0.15178    0.00990   -0.04156   -0.00662    0.03180    0.02679    0.02102    0.03275    0.04164    0.04583   -0.02339   -0.00733    0.02497    0.02912    0.03054    0.03218    0.03444   -0.01215   -0.00622    0.01049    0.03846    0.03562    0.04782    0.03474    0.08485    0.31305    0.34310
       89491
    0.86905   -0.03922   -0.06591   -0.02996   -0.38414   -0.13956   -0.00684   -0.04095   -0.14875    0.00531   -0.02976   -0.15946    0.00632   -0.04541   -0.01039    0.02151    0.03308    0.03121    0.01698    0.05081    0.03379   -0.02722   -0.00828    0.02979    0.04010    0.02157    0.05197    0.03932   -0.02302    0.00382    0.00588    0.04368    0.03548    0.04090    0.02849    0.10580    0.30441    0.33961
       89991
    0.90373   -0.04020   -0.10046   -0.05645   -0.34962   -0.11438   -0.00892   -0.04163   -0.14404   -0.00982   -0.03919   -0.15385    0.01613   -0.05044   -0.00370    0.03251    0.02696    0.03528    0.01862    0.06331    0.01451   -0.01337   -0.00794    0.02127    0.02156    0.02853    0.03873    0.02209    0.00853   -0.00421    0.01125    0.05805    0.02013    0.05210   -0.00843    0.09491    0.32619    0.33225
       90491
    0.89306   -0.07572   -0.07380   -0.04445   -0.40093   -0.12013   -0.00343   -0.06732   -0.15176   -0.00049   -0.04338   -0.15417    0.01151   -0.04629   -0.00843    0.04358    0.02850    0.03735    0.01366    0.04627    0.03725   -0.01826    0.00035    0.03139    0.01930    0.03122    0.03258    0.01725    0.00197   -0.00544    0.00935    0.05445    0.01972    0.04086    0.03789    0.12809    0.33359    0.34483
       90991
    0.88267   -0.05444   -0.05815    0.00147   -0.41634   -0.13413   -0.01178   -0.06308   -0.14069    0.00966   -0.05802   -0.16982    0.00305   -0.03872   -0.01093    0.03014    0.02733    0.02750    0.00541    0.03945    0.02818   -0.01207    0.01398    0.02542    0.02312    0.01801    0.03617    0.02959   -0.02044   -0.01595    0.01174    0.04734    0.03105    0.02673    0.04930    0.13369    0.35615    0.34739
       91491
    0.91176   -0.02904   -0.07787   -0.06512   -0.40830   -0.14285   -0.00937   -0.05295   -0.15552    0.01663   -0.05778   -0.15975    0.00323   -0.04163   -0.00053    0.03235    0.03362    0.01359    0.02195    0.04619    0.03239   -0.01225    0.00211    0.02779    0.02944    0.01964    0.03612    0.03144   -0.03167   -0.01134    0.01677    0.03044    0.03452    0.05018    0.04168    0.14241    0.32456    0.35714
       91991
    0.85421   -0.02005   -0.02278   -0.03645   -0.40726   -0.13841   -0.00096   -0.04502   -0.15605   -0.00261   -0.04677   -0.17074    0.00928   -0.05817   -0.00414    0.02772    0.03581    0.02199    0.00472    0.04849    0.05190   -0.02627   -0.00127    0.01792    0.02747    0.03672    0.03879    0.03565   -0.02370   -0.00890    0.02896    0.01527    0.03922    0.04817    0.02751    0.13638    0.30332    0.36006
       92491
    0.89947   -0.03279   -0.06497   -0.04745   -0.41444   -0.11122    0.00527   -0.04889   -0.15524    0.00040   -0.04211   -0.15881    0.00178   -0.04393    0.00663    0.04311    0.03860    0.02482    0.02312    0.03452    0.03745   -0.02680   -0.00930    0.02371    0.03179    0.03454    0.03795    0.03104   -0.01654    0.00332    0.02115    0.02888    0.00432    0.02871    0.06872    0.09716    0.30128    0.34475
       92991
    0.86258   -0.03261   -0.09131   -0.03672   -0.37799   -0.13978   -0.00321   -0.03885   -0.15090    0.01047   -0.04007   -0.15554    0.00080   -0.04191   -0.02329    0.04645    0.03742    0.03096    0.03606    0.02818    0.01941   -0.02082    0.00531    0.01789    0.03198    0.01954    0.03517    0.03489    0.00009    0.00557    0.02333    0.02590    0.00671    0.04316    0.04698    0.15110    0.31029    0.32275
       93491
    0.85648   -0.09739   -0.07905   -0.03209   -0.40293   -0.14419   -0.00532   -0.02285   -0.15111    0.00888   -0.03355   -0.15599    0.00418   -0.02877   -0.02228    0.02470    0.02895    0.03941    0.03422    0.04466    0.04741   -0.01506   -0.00323    0.03155    0.02806    0.03837    0.04269    0.02584   -0.01103   -0.00855    0.01850    0.03072    0.03346    0.03453    0.05687    0.16792    0.29519    0.32082
       93991
    0.85987   -0.02577   -0.06517   -0.05365   -0.39195   -0.13456   -0.00645   -0.04581   -0.15931   -0.00672   -0.03027   -0.14389    0.01330   -0.05529   -0.00160    0.01815    0.03264    0.02902    0.02001    0.04965    0.01716   -0.02202   -0.00902    0.01831    0.02989    0.03607    0.04025    0.03124    0.00159    0.00904    0.02528    0.02537    0.01002    0.04781    0.03670    0.12446    0.32007    0.35559
       94491
    0.86625   -0.03278   -0.07658   -0.00971   -0.36111   -0.12899   -0.00888   -0.05130   -0.15684    0.00893   -0.04560   -0.16603    0.00809   -0.05912    0.00859    0.02641    0.02602    0.03052    0.02621    0.04628    0.03559   -0.01809    0.00591    0.03451    0.01803    0.02501    0.05110    0.01060   -0.01331   -0.01556    0.01321    0.03786    0.03834    0.05185   -0.02391    0.11737    0.34598    0.33517
       94991
    0.83517   -0.06956   -0.04871   -0.06394   -0.41767   -0.14870   -0.01033   -0.03611   -0.15778    0.00806   -0.04864   -0.15907    0.01518   -0.03127    0.01099    0.01374    0.02398    0.02862    0.02775    0.05662    0.05255   -0.01380   -0.00377    0.01501    0.03435    0.03238    0.04156    0.01382   -0.02993    0.00143    0.02274    0.04429    0.05049    0.05130    0.04380    0.14903    0.31712    0.34930
       95491
    0.79258    0.01449   -0.06413   -0.06285   -0.41511   -0.15141   -0.01388   -0.03758   -0.15341    0.00889   -0.04606   -0.15902    0.00743   -0.04826    0.00260    0.01469    0.03105    0.02804    0.02106    0.05423    0.04326   -0.02454   -0.00554    0.02840    0.04163    0.01725    0.04778    0.02568   -0.01591    0.00815    0.03012    0.04335    0.02675    0.05568    0.02157    0.14597    0.32281    0.36421
       95991
    0.91044   -0.00872   -0.11295   -0.04548   -0.40912   -0.14814   -0.00064   -0.05637   -0.14870   -0.00374   -0.04039   -0.15534    0.00647   -0.05273    0.00756    0.02725    0.03723    0.01540    0.01949    0.04080    0.04257   -0.02310   -0.00529    0.02995    0.03344    0.01749    0.04866    0.04142   -0.01269   -0.00573    0.01223    0.03530    0.02702    0.05217   -0.01844    0.17032    0.32504    0.34730
       96491
    0.82995    0.03546   -0.05854   -0.05324   -0.42027   -0.13664   -0.00168   -0.05147   -0.13814   -0.00851   -0.04113   -0.15510    0.00181   -0.04235   -0.00025    0.02786    0.04944    0.01958    0.02053    0.03943    0.03465   -0.01107    0.00389    0.01920    0.02869    0.02050    0.03757    0.04680   -0.00557   -0.01184    0.02819    0.03110    0.02879    0.03802    0.03831    0.10858    0.30390    0.34357
       96991
    0.86468   -0.05728   -0.07330   -0.02811   -0.43325   -0.13147   -0.01435   -0.04288   -0.14614    0.00084   -0.04853   -0.15378   -0.00215   -0.03848    0.01618    0.02832    0.03877    0.02043    0.01971    0.04354    0.04354   -0.01140    0.01470    0.02078    0.02824    0.00809    0.04381    0.05018   -0.00459   -0.00793    0.02593    0.03388    0.03097    0.04969    0.03043    0.10543    0.32543    0.35005
       97491
    0.78694    0.01814   -0.03098    0.00817   -0.42579   -0.15023   -0.01721   -0.03045   -0.14145   -0.00283   -0.05454   -0.16197    0.01494   -0.05564   -0.00134    0.02876    0.03396    0.02175    0.04605    0.03604    0.04910   -0.01738    0.01367    0.02792    0.03026   -0.00257    0.05032    0.03552   -0.01518   -0.00882    0.00940    0.04511    0.04793    0.04315   -0.01512    0.10397    0.32060    0.35980
       97991
    0.88584   -0.03414   -0.17547   -0.07109   -0.43958   -0.12280   -0.01661   -0.03945   -0.14211    0.03136   -0.03856   -0.15106    0.01491   -0.05155    0.00229    0.04300    0.05175    0.01542    0.01979    0.04621    0.04154    0.00014    0.00531    0.03023    0.04256    0.03008    0.02409    0.03897   -0.00793    0.00701    0.01320    0.03590    0.03995    0.03061    0.01820    0.08435    0.37405    0.36358
       98491
    0.78742    0.02943   -0.04521    0.05698   -0.45510   -0.13971   -0.00799   -0.06164   -0.14891    0.00645   -0.02683   -0.16404   -0.01100   -0.03879    0.00499    0.02297    0.04055    0.01778    0.00420    0.04706    0.01861   -0.00473    0.00483    0.02524    0.04363    0.03447    0.04568    0.02085   -0.01995   -0.01013    0.01504    0.03225    0.04767    0.00469    0.02973    0.12235    0.34366    0.32749
       98991
    0.87680   -0.00311   -0.12965   -0.07930   -0.45012   -0.12160   -0.00022   -0.05307   -0.13190    0.01518   -0.03662   -0.15315    0.00222   -0.01717    0.00659    0.01904    0.04726    0.02356    0.00779    0.04577    0.05620    0.00237    0.02277    0.02395    0.03750    0.02020    0.04712    0.00588   -0.00347   -0.00703    0.00928    0.01854    0.06572    0.03179    0.03704    0.08922    0.34674    0.32789
       99491
    0.83737   -0.00810   -0.04405   -0.02121   -0.45082   -0.13157   -0.00239   -0.04253   -0.14811   -0.00449   -0.03815   -0.15688    0.01144   -0.03741    0.00815    0.02961    0.02979    0.00993    0.03973    0.04384    0.03521   -0.01495   -0.00470    0.03396    0.01571    0.01421    0.03927    0.03838   -0.00952   -0.01111    0.02008    0.03059    0.04378    0.02128    0.04138    0.11875    0.33851    0.32502
       99991
    0.87406    0.01714   -0.14343   -0.01919   -0.44957   -0.12237   -0.01212   -0.05188   -0.14175    0.01799   -0.04233   -0.16000    0.00443   -0.03457   -0.00386    0.03075    0.03230    0.02781    0.01783    0.04667    0.03922    0.00360    0.00342    0.04234    0.00883    0.00837    0.03315    0.04779   -0.01530   -0.01487    0.01942    0.02218    0.04636    0.02245    0.03703    0.08294    0.36861    0.35655
